19
39  0.573146  
38  0.573146  
37  0.573146  
36  0.575150  
35  0.575150  
24  0.939880  
23  0.939880  
22  0.939880  
21  0.939880  
20  0.939880  
19  0.939880  
18  0.939880  
17  0.939880  
16  0.939880  
15  0.939880  
4  1.000000  
3  1.000000  
2  1.000000  
1  1.000000  

61
1  2  0.977956  
1  3  0.971944  
2  3  0.983968  
1  4  0.983968  
2  4  0.985972  
3  4  0.973948  
15  16  0.923848  
15  17  0.925852  
16  17  0.915832  
15  18  0.905812  
16  18  0.903808  
17  18  0.923848  
15  19  0.909820  
16  19  0.905812  
17  19  0.917836  
18  19  0.899800  
15  20  0.905812  
16  20  0.923848  
17  20  0.905812  
18  20  0.917836  
19  20  0.907816  
15  21  0.927856  
16  21  0.913828  
17  21  0.917836  
18  21  0.917836  
19  21  0.911824  
20  21  0.909820  
15  22  0.919840  
16  22  0.907816  
17  22  0.917836  
18  22  0.919840  
19  22  0.917836  
20  22  0.923848  
21  22  0.911824  
15  23  0.907816  
16  23  0.907816  
17  23  0.915832  
18  23  0.907816  
19  23  0.919840  
20  23  0.913828  
21  23  0.907816  
22  23  0.909820  
15  24  0.911824  
16  24  0.921844  
17  24  0.911824  
18  24  0.921844  
19  24  0.923848  
20  24  0.917836  
21  24  0.921844  
22  24  0.915832  
23  24  0.911824  
35  36  0.557114  
35  37  0.567134  
36  37  0.561122  
35  38  0.561122  
36  38  0.569138  
37  38  0.559118  
35  39  0.557114  
36  39  0.559118  
37  39  0.559118  
38  39  0.569138  

134
37  38  39  0.543086  
36  38  39  0.553106  
35  38  39  0.543086  
36  37  39  0.537074  
36  37  38  0.545090  
35  37  39  0.537074  
35  37  38  0.541082  
35  36  39  0.525050  
35  36  38  0.541082  
35  36  37  0.537074  
22  23  24  0.861723  
21  23  24  0.869739  
20  23  24  0.873747  
19  23  24  0.879760  
18  23  24  0.865731  
17  23  24  0.865731  
16  23  24  0.865731  
15  23  24  0.857715  
21  22  24  0.879760  
21  22  23  0.857715  
20  22  24  0.883768  
20  22  23  0.875752  
19  22  24  0.879760  
19  22  23  0.871743  
18  22  24  0.883768  
18  22  23  0.861723  
17  22  24  0.873747  
17  22  23  0.867735  
16  22  24  0.869739  
16  22  23  0.853707  
15  22  24  0.873747  
15  22  23  0.863727  
20  21  24  0.875752  
20  21  23  0.861723  
20  21  22  0.869739  
19  21  24  0.879760  
19  21  23  0.865731  
19  21  22  0.869739  
18  21  24  0.887776  
18  21  23  0.857715  
18  21  22  0.873747  
17  21  24  0.879760  
17  21  23  0.871743  
17  21  22  0.873747  
16  21  24  0.885772  
16  21  23  0.861723  
16  21  22  0.861723  
15  21  24  0.885772  
15  21  23  0.871743  
15  21  22  0.889780  
19  20  24  0.873747  
19  20  23  0.867735  
19  20  22  0.875752  
19  20  21  0.861723  
18  20  24  0.885772  
18  20  23  0.867735  
18  20  22  0.883768  
18  20  21  0.875752  
17  20  24  0.865731  
17  20  23  0.863727  
17  20  22  0.873747  
17  20  21  0.861723  
16  20  24  0.887776  
16  20  23  0.869739  
16  20  22  0.883768  
16  20  21  0.871743  
15  20  24  0.865731  
15  20  23  0.853707  
15  20  22  0.877756  
15  20  21  0.865731  
18  19  24  0.873747  
18  19  23  0.853707  
18  19  22  0.869739  
18  19  21  0.863727  
18  19  20  0.849699  
17  19  24  0.875752  
17  19  23  0.877756  
17  19  22  0.883768  
17  19  21  0.871743  
17  19  20  0.865731  
16  19  24  0.873747  
16  19  23  0.857715  
16  19  22  0.861723  
16  19  21  0.859719  
16  19  20  0.869739  
15  19  24  0.875752  
15  19  23  0.861723  
15  19  22  0.877756  
15  19  21  0.873747  
15  19  20  0.851703  
17  18  24  0.881764  
17  18  23  0.873747  
17  18  22  0.883768  
17  18  21  0.881764  
17  18  20  0.871743  
17  18  19  0.867735  
16  18  24  0.879760  
16  18  23  0.849699  
16  18  22  0.863727  
16  18  21  0.863727  
16  18  20  0.877756  
16  18  19  0.835671  
15  18  24  0.871743  
15  18  23  0.851703  
15  18  22  0.873747  
15  18  21  0.877756  
15  18  20  0.861723  
15  18  19  0.843687  
16  17  24  0.877756  
16  17  23  0.871743  
16  17  22  0.875752  
16  17  21  0.877756  
16  17  20  0.869739  
16  17  19  0.865731  
16  17  18  0.867735  
15  17  24  0.869739  
15  17  23  0.873747  
15  17  22  0.887776  
15  17  21  0.893788  
15  17  20  0.871743  
15  17  19  0.879760  
15  17  18  0.877756  
15  16  24  0.883768  
15  16  23  0.865731  
15  16  22  0.879760  
15  16  21  0.889780  
15  16  20  0.881764  
15  16  19  0.861723  
15  16  18  0.861723  
15  16  17  0.887776  
2  3  4  0.943888  
1  3  4  0.931864  
1  2  4  0.949900  
1  2  3  0.937876  

215
1  2  3  4  0.885772  
15  16  17  18  0.815631  
15  16  17  19  0.815631  
15  16  18  19  0.773547  
15  16  17  20  0.827655  
15  16  18  20  0.819639  
15  16  19  20  0.805611  
15  16  17  21  0.845691  
15  16  18  21  0.819639  
15  16  19  21  0.811623  
15  16  20  21  0.823647  
15  16  17  22  0.837675  
15  16  18  22  0.815631  
15  16  19  22  0.813627  
15  16  20  22  0.833667  
15  16  21  22  0.835671  
15  16  17  23  0.821643  
15  16  18  23  0.793587  
15  16  19  23  0.795591  
15  16  20  23  0.807615  
15  16  21  23  0.817635  
15  16  22  23  0.805611  
15  16  17  24  0.827655  
15  16  18  24  0.825651  
15  16  19  24  0.817635  
15  16  20  24  0.831663  
15  16  21  24  0.843687  
15  16  22  24  0.825651  
15  16  23  24  0.809619  
15  17  18  19  0.807615  
15  17  18  20  0.813627  
15  17  19  20  0.809619  
15  17  18  21  0.831663  
15  17  19  21  0.827655  
15  17  20  21  0.817635  
15  17  18  22  0.831663  
15  17  19  22  0.837675  
15  17  20  22  0.829659  
15  17  21  22  0.843687  
15  17  18  23  0.809619  
15  17  19  23  0.817635  
15  17  20  23  0.807615  
15  17  21  23  0.827655  
15  17  22  23  0.819639  
15  17  18  24  0.817635  
15  17  19  24  0.819639  
15  17  20  24  0.811623  
15  17  21  24  0.831663  
15  17  22  24  0.821643  
15  17  23  24  0.801603  
16  17  18  19  0.789579  
16  17  18  20  0.815631  
16  17  19  20  0.815631  
16  17  18  21  0.817635  
16  17  19  21  0.809619  
16  17  20  21  0.809619  
16  17  18  22  0.823647  
16  17  19  22  0.819639  
16  17  20  22  0.827655  
16  17  21  22  0.821643  
16  17  18  23  0.807615  
16  17  19  23  0.807615  
16  17  20  23  0.813627  
16  17  21  23  0.819639  
16  17  22  23  0.809619  
16  17  18  24  0.825651  
16  17  19  24  0.817635  
16  17  20  24  0.819639  
16  17  21  24  0.831663  
16  17  22  24  0.823647  
16  17  23  24  0.811623  
15  18  19  20  0.783567  
15  18  19  21  0.803607  
15  18  20  21  0.815631  
15  18  19  22  0.809619  
15  18  20  22  0.823647  
15  18  21  22  0.829659  
15  18  19  23  0.781563  
15  18  20  23  0.791583  
15  18  21  23  0.801603  
15  18  22  23  0.797595  
15  18  19  24  0.809619  
15  18  20  24  0.817635  
15  18  21  24  0.831663  
15  18  22  24  0.825651  
15  18  23  24  0.799599  
16  18  19  20  0.793587  
16  18  19  21  0.787575  
16  18  20  21  0.819639  
16  18  19  22  0.793587  
16  18  20  22  0.827655  
16  18  21  22  0.805611  
16  18  19  23  0.773547  
16  18  20  23  0.805611  
16  18  21  23  0.795591  
16  18  22  23  0.795591  
16  18  19  24  0.807615  
16  18  20  24  0.843687  
16  18  21  24  0.833667  
16  18  22  24  0.825651  
16  18  23  24  0.805611  
17  18  19  20  0.801603  
17  18  19  21  0.815631  
17  18  20  21  0.817635  
17  18  19  22  0.823647  
17  18  20  22  0.823647  
17  18  21  22  0.823647  
17  18  19  23  0.807615  
17  18  20  23  0.809619  
17  18  21  23  0.811623  
17  18  22  23  0.811623  
17  18  19  24  0.821643  
17  18  20  24  0.823647  
17  18  21  24  0.835671  
17  18  22  24  0.833667  
17  18  23  24  0.815631  
15  19  20  21  0.801603  
15  19  20  22  0.815631  
15  19  21  22  0.833667  
15  19  20  23  0.791583  
15  19  21  23  0.805611  
15  19  22  23  0.809619  
15  19  20  24  0.809619  
15  19  21  24  0.827655  
15  19  22  24  0.827655  
15  19  23  24  0.809619  
16  19  20  21  0.807615  
16  19  20  22  0.825651  
16  19  21  22  0.801603  
16  19  20  23  0.809619  
16  19  21  23  0.797595  
16  19  22  23  0.797595  
16  19  20  24  0.825651  
16  19  21  24  0.817635  
16  19  22  24  0.811623  
16  19  23  24  0.809619  
17  19  20  21  0.809619  
17  19  20  22  0.821643  
17  19  21  22  0.823647  
17  19  20  23  0.813627  
17  19  21  23  0.813627  
17  19  22  23  0.819639  
17  19  20  24  0.815631  
17  19  21  24  0.821643  
17  19  22  24  0.829659  
17  19  23  24  0.815631  
18  19  20  21  0.805611  
18  19  20  22  0.811623  
18  19  21  22  0.815631  
18  19  20  23  0.793587  
18  19  21  23  0.795591  
18  19  22  23  0.803607  
18  19  20  24  0.815631  
18  19  21  24  0.825651  
18  19  22  24  0.825651  
18  19  23  24  0.811623  
15  20  21  22  0.825651  
15  20  21  23  0.801603  
15  20  22  23  0.809619  
15  20  21  24  0.817635  
15  20  22  24  0.823647  
15  20  23  24  0.799599  
16  20  21  22  0.815631  
16  20  21  23  0.805611  
16  20  22  23  0.815631  
16  20  21  24  0.831663  
16  20  22  24  0.831663  
16  20  23  24  0.819639  
17  20  21  22  0.811623  
17  20  21  23  0.801603  
17  20  22  23  0.813627  
17  20  21  24  0.815631  
17  20  22  24  0.821643  
17  20  23  24  0.809619  
18  20  21  22  0.821643  
18  20  21  23  0.807615  
18  20  22  23  0.815631  
18  20  21  24  0.837675  
18  20  22  24  0.839679  
18  20  23  24  0.819639  
19  20  21  22  0.811623  
19  20  21  23  0.805611  
19  20  22  23  0.817635  
19  20  21  24  0.821643  
19  20  22  24  0.827655  
19  20  23  24  0.823647  
15  21  22  23  0.813627  
15  21  22  24  0.835671  
15  21  23  24  0.811623  
16  21  22  23  0.793587  
16  21  22  24  0.819639  
16  21  23  24  0.815631  
17  21  22  23  0.809619  
17  21  22  24  0.823647  
17  21  23  24  0.819639  
18  21  22  23  0.795591  
18  21  22  24  0.833667  
18  21  23  24  0.809619  
19  21  22  23  0.805611  
19  21  22  24  0.823647  
19  21  23  24  0.815631  
20  21  22  23  0.807615  
20  21  22  24  0.827655  
20  21  23  24  0.815631  
15  22  23  24  0.795591  
16  22  23  24  0.795591  
17  22  23  24  0.805611  
18  22  23  24  0.803607  
19  22  23  24  0.815631  
20  22  23  24  0.819639  
21  22  23  24  0.803607  
35  36  37  38  0.511022  
35  36  38  39  0.511022  
35  37  38  39  0.511022  
36  37  38  39  0.519038  

252
20  21  22  23  24  0.749499  
19  21  22  23  24  0.743487  
18  21  22  23  24  0.735471  
17  21  22  23  24  0.743487  
16  21  22  23  24  0.733467  
15  21  22  23  24  0.739479  
19  20  22  23  24  0.761523  
19  20  21  23  24  0.757515  
19  20  21  22  24  0.765531  
19  20  21  22  23  0.743487  
18  20  22  23  24  0.757515  
18  20  21  23  24  0.757515  
18  20  21  22  24  0.779559  
18  20  21  22  23  0.741483  
17  20  22  23  24  0.749499  
17  20  21  23  24  0.747495  
17  20  21  22  24  0.757515  
17  20  21  22  23  0.741483  
16  20  22  23  24  0.751503  
16  20  21  23  24  0.755511  
16  20  21  22  24  0.765531  
16  20  21  22  23  0.741483  
15  20  22  23  24  0.741483  
15  20  21  23  24  0.741483  
15  20  21  22  24  0.769539  
15  20  21  22  23  0.747495  
18  19  22  23  24  0.745491  
18  19  21  23  24  0.745491  
18  19  20  23  24  0.753507  
18  19  21  22  24  0.765531  
18  19  21  22  23  0.733467  
18  19  20  22  24  0.765531  
18  19  20  22  23  0.739479  
18  19  20  21  24  0.767535  
18  19  20  21  23  0.735471  
18  19  20  21  22  0.749499  
17  19  22  23  24  0.751503  
17  19  21  23  24  0.749499  
17  19  20  23  24  0.753507  
17  19  21  22  24  0.763527  
17  19  21  22  23  0.749499  
17  19  20  22  24  0.765531  
17  19  20  22  23  0.753507  
17  19  20  21  24  0.757515  
17  19  20  21  23  0.743487  
17  19  20  21  22  0.753507  
16  19  22  23  24  0.737475  
16  19  21  23  24  0.745491  
16  19  20  23  24  0.759519  
16  19  21  22  24  0.747495  
16  19  21  22  23  0.729459  
16  19  20  22  24  0.769539  
16  19  20  22  23  0.755511  
16  19  20  21  24  0.763527  
16  19  20  21  23  0.741483  
16  19  20  21  22  0.749499  
15  19  22  23  24  0.743487  
15  19  21  23  24  0.743487  
15  19  20  23  24  0.741483  
15  19  21  22  24  0.775551  
15  19  21  22  23  0.747495  
15  19  20  22  24  0.763527  
15  19  20  22  23  0.739479  
15  19  20  21  24  0.755511  
15  19  20  21  23  0.731463  
15  19  20  21  22  0.759519  
17  18  22  23  24  0.747495  
17  18  21  23  24  0.755511  
17  18  20  23  24  0.751503  
17  18  19  23  24  0.749499  
17  18  21  22  24  0.771543  
17  18  21  22  23  0.739479  
17  18  20  22  24  0.771543  
17  18  20  22  23  0.747495  
17  18  19  22  24  0.771543  
17  18  19  22  23  0.745491  
17  18  20  21  24  0.769539  
17  18  20  21  23  0.741483  
17  18  20  21  22  0.755511  
17  18  19  21  24  0.765531  
17  18  19  21  23  0.739479  
17  18  19  21  22  0.759519  
17  18  19  20  24  0.753507  
17  18  19  20  23  0.737475  
17  18  19  20  22  0.751503  
17  18  19  20  21  0.749499  
16  18  22  23  24  0.737475  
16  18  21  23  24  0.747495  
16  18  20  23  24  0.759519  
16  18  19  23  24  0.733467  
16  18  21  22  24  0.765531  
16  18  21  22  23  0.725451  
16  18  20  22  24  0.783567  
16  18  20  22  23  0.749499  
16  18  19  22  24  0.751503  
16  18  19  22  23  0.723447  
16  18  20  21  24  0.783567  
16  18  20  21  23  0.741483  
16  18  20  21  22  0.755511  
16  18  19  21  24  0.751503  
16  18  19  21  23  0.715431  
16  18  19  21  22  0.731463  
16  18  19  20  24  0.759519  
16  18  19  20  23  0.723447  
16  18  19  20  22  0.747495  
16  18  19  20  21  0.739479  
15  18  22  23  24  0.731463  
15  18  21  23  24  0.741483  
15  18  20  23  24  0.737475  
15  18  19  23  24  0.733467  
15  18  21  22  24  0.775551  
15  18  21  22  23  0.735471  
15  18  20  22  24  0.769539  
15  18  20  22  23  0.739479  
15  18  19  22  24  0.761523  
15  18  19  22  23  0.729459  
15  18  20  21  24  0.765531  
15  18  20  21  23  0.733467  
15  18  20  21  22  0.765531  
15  18  19  21  24  0.757515  
15  18  19  21  23  0.725451  
15  18  19  21  22  0.759519  
15  18  19  20  24  0.741483  
15  18  19  20  23  0.711423  
15  18  19  20  22  0.745491  
15  18  19  20  21  0.737475  
16  17  22  23  24  0.739479  
16  17  21  23  24  0.757515  
16  17  20  23  24  0.749499  
16  17  19  23  24  0.745491  
16  17  18  23  24  0.749499  
16  17  21  22  24  0.763527  
16  17  21  22  23  0.747495  
16  17  20  22  24  0.765531  
16  17  20  22  23  0.757515  
16  17  19  22  24  0.759519  
16  17  19  22  23  0.745491  
16  17  18  22  24  0.773547  
16  17  18  22  23  0.749499  
16  17  20  21  24  0.757515  
16  17  20  21  23  0.743487  
16  17  20  21  22  0.755511  
16  17  19  21  24  0.753507  
16  17  19  21  23  0.741483  
16  17  19  21  22  0.753507  
16  17  18  21  24  0.773547  
16  17  18  21  23  0.747495  
16  17  18  21  22  0.759519  
16  17  19  20  24  0.759519  
16  17  19  20  23  0.751503  
16  17  19  20  22  0.769539  
16  17  19  20  21  0.747495  
16  17  18  20  24  0.767535  
16  17  18  20  23  0.745491  
16  17  18  20  22  0.765531  
16  17  18  20  21  0.751503  
16  17  18  19  24  0.747495  
16  17  18  19  23  0.723447  
16  17  18  19  22  0.745491  
16  17  18  19  21  0.733467  
16  17  18  19  20  0.735471  
15  17  22  23  24  0.735471  
15  17  21  23  24  0.753507  
15  17  20  23  24  0.737475  
15  17  19  23  24  0.743487  
15  17  18  23  24  0.739479  
15  17  21  22  24  0.773547  
15  17  21  22  23  0.763527  
15  17  20  22  24  0.761523  
15  17  20  22  23  0.757515  
15  17  19  22  24  0.769539  
15  17  19  22  23  0.759519  
15  17  18  22  24  0.767535  
15  17  18  22  23  0.749499  
15  17  20  21  24  0.755511  
15  17  20  21  23  0.745491  
15  17  20  21  22  0.767535  
15  17  19  21  24  0.763527  
15  17  19  21  23  0.753507  
15  17  19  21  22  0.783567  
15  17  18  21  24  0.767535  
15  17  18  21  23  0.749499  
15  17  18  21  22  0.773547  
15  17  19  20  24  0.749499  
15  17  19  20  23  0.743487  
15  17  19  20  22  0.765531  
15  17  19  20  21  0.749499  
15  17  18  20  24  0.751503  
15  17  18  20  23  0.735471  
15  17  18  20  22  0.763527  
15  17  18  20  21  0.755511  
15  17  18  19  24  0.749499  
15  17  18  19  23  0.735471  
15  17  18  19  22  0.763527  
15  17  18  19  21  0.753507  
15  17  18  19  20  0.733467  
15  16  22  23  24  0.735471  
15  16  21  23  24  0.757515  
15  16  20  23  24  0.749499  
15  16  19  23  24  0.739479  
15  16  18  23  24  0.741483  
15  16  17  23  24  0.747495  
15  16  21  22  24  0.777555  
15  16  21  22  23  0.747495  
15  16  20  22  24  0.771543  
15  16  20  22  23  0.751503  
15  16  19  22  24  0.757515  
15  16  19  22  23  0.735471  
15  16  18  22  24  0.767535  
15  16  18  22  23  0.733467  
15  16  17  22  24  0.769539  
15  16  17  22  23  0.759519  
15  16  20  21  24  0.773547  
15  16  20  21  23  0.745491  
15  16  20  21  22  0.771543  
15  16  19  21  24  0.761523  
15  16  19  21  23  0.735471  
15  16  19  21  22  0.761523  
15  16  18  21  24  0.777555  
15  16  18  21  23  0.737475  
15  16  18  21  22  0.765531  
15  16  17  21  24  0.781563  
15  16  17  21  23  0.771543  
15  16  17  21  22  0.787575  
15  16  19  20  24  0.757515  
15  16  19  20  23  0.733467  
15  16  19  20  22  0.757515  
15  16  19  20  21  0.743487  
15  16  18  20  24  0.775551  
15  16  18  20  23  0.735471  
15  16  18  20  22  0.767535  
15  16  18  20  21  0.761523  
15  16  17  20  24  0.763527  
15  16  17  20  23  0.753507  
15  16  17  20  22  0.777555  
15  16  17  20  21  0.763527  
15  16  18  19  24  0.741483  
15  16  18  19  23  0.703407  
15  16  18  19  22  0.731463  
15  16  18  19  21  0.725451  
15  16  18  19  20  0.721443  
15  16  17  19  24  0.755511  
15  16  17  19  23  0.743487  
15  16  17  19  22  0.767535  
15  16  17  19  21  0.759519  
15  16  17  19  20  0.751503  
15  16  17  18  24  0.759519  
15  16  17  18  23  0.745491  
15  16  17  18  22  0.767535  
15  16  17  18  21  0.767535  
15  16  17  18  20  0.755511  
15  16  17  18  19  0.725451  

210
15  16  17  18  19  20  0.663327  
15  16  17  18  19  21  0.673347  
15  16  17  18  20  21  0.693387  
15  16  17  18  19  22  0.683367  
15  16  17  18  20  22  0.703407  
15  16  17  18  21  22  0.711423  
15  16  17  18  19  23  0.653307  
15  16  17  18  20  23  0.675351  
15  16  17  18  21  23  0.687375  
15  16  17  18  22  23  0.687375  
15  16  17  18  19  24  0.675351  
15  16  17  18  20  24  0.697395  
15  16  17  18  21  24  0.709419  
15  16  17  18  22  24  0.707415  
15  16  17  18  23  24  0.677355  
15  16  17  19  20  21  0.685371  
15  16  17  19  20  22  0.705411  
15  16  17  19  21  22  0.711423  
15  16  17  19  20  23  0.679359  
15  16  17  19  21  23  0.681363  
15  16  17  19  22  23  0.685371  
15  16  17  19  20  24  0.691383  
15  16  17  19  21  24  0.695391  
15  16  17  19  22  24  0.699399  
15  16  17  19  23  24  0.673347  
15  16  18  19  20  21  0.669339  
15  16  18  19  20  22  0.675351  
15  16  18  19  21  22  0.679359  
15  16  18  19  20  23  0.643287  
15  16  18  19  21  23  0.645291  
15  16  18  19  22  23  0.651303  
15  16  18  19  20  24  0.685371  
15  16  18  19  21  24  0.685371  
15  16  18  19  22  24  0.687375  
15  16  18  19  23  24  0.659319  
15  16  17  20  21  22  0.709419  
15  16  17  20  21  23  0.687375  
15  16  17  20  22  23  0.699399  
15  16  17  20  21  24  0.701403  
15  16  17  20  22  24  0.705411  
15  16  17  20  23  24  0.681363  
15  16  18  20  21  22  0.705411  
15  16  18  20  21  23  0.671343  
15  16  18  20  22  23  0.677355  
15  16  18  20  21  24  0.715431  
15  16  18  20  22  24  0.715431  
15  16  18  20  23  24  0.683367  
15  16  19  20  21  22  0.695391  
15  16  19  20  21  23  0.669339  
15  16  19  20  22  23  0.677355  
15  16  19  20  21  24  0.697395  
15  16  19  20  22  24  0.701403  
15  16  19  20  23  24  0.681363  
15  16  17  21  22  23  0.701403  
15  16  17  21  22  24  0.715431  
15  16  17  21  23  24  0.695391  
15  16  18  21  22  23  0.669339  
15  16  18  21  22  24  0.713427  
15  16  18  21  23  24  0.681363  
15  16  19  21  22  23  0.673347  
15  16  19  21  22  24  0.701403  
15  16  19  21  23  24  0.675351  
15  16  20  21  22  23  0.683367  
15  16  20  21  22  24  0.711423  
15  16  20  21  23  24  0.687375  
15  16  17  22  23  24  0.675351  
15  16  18  22  23  24  0.669339  
15  16  19  22  23  24  0.669339  
15  16  20  22  23  24  0.681363  
15  16  21  22  23  24  0.675351  
15  17  18  19  20  21  0.679359  
15  17  18  19  20  22  0.687375  
15  17  18  19  21  22  0.703407  
15  17  18  19  20  23  0.657315  
15  17  18  19  21  23  0.671343  
15  17  18  19  22  23  0.677355  
15  17  18  19  20  24  0.675351  
15  17  18  19  21  24  0.691383  
15  17  18  19  22  24  0.701403  
15  17  18  19  23  24  0.669339  
15  17  18  20  21  22  0.697395  
15  17  18  20  21  23  0.669339  
15  17  18  20  22  23  0.679359  
15  17  18  20  21  24  0.693387  
15  17  18  20  22  24  0.699399  
15  17  18  20  23  24  0.669339  
15  17  19  20  21  22  0.703407  
15  17  19  20  21  23  0.675351  
15  17  19  20  22  23  0.687375  
15  17  19  20  21  24  0.689379  
15  17  19  20  22  24  0.701403  
15  17  19  20  23  24  0.675351  
15  17  18  21  22  23  0.679359  
15  17  18  21  22  24  0.707415  
15  17  18  21  23  24  0.679359  
15  17  19  21  22  23  0.693387  
15  17  19  21  22  24  0.711423  
15  17  19  21  23  24  0.677355  
15  17  20  21  22  23  0.687375  
15  17  20  21  22  24  0.699399  
15  17  20  21  23  24  0.675351  
15  17  18  22  23  24  0.673347  
15  17  19  22  23  24  0.679359  
15  17  20  22  23  24  0.677355  
15  17  21  22  23  24  0.677355  
16  17  18  19  20  21  0.677355  
16  17  18  19  20  22  0.687375  
16  17  18  19  21  22  0.679359  
16  17  18  19  20  23  0.665331  
16  17  18  19  21  23  0.659319  
16  17  18  19  22  23  0.671343  
16  17  18  19  20  24  0.689379  
16  17  18  19  21  24  0.687375  
16  17  18  19  22  24  0.695391  
16  17  18  19  23  24  0.671343  
16  17  18  20  21  22  0.691383  
16  17  18  20  21  23  0.677355  
16  17  18  20  22  23  0.689379  
16  17  18  20  21  24  0.705411  
16  17  18  20  22  24  0.713427  
16  17  18  20  23  24  0.687375  
16  17  19  20  21  22  0.691383  
16  17  19  20  21  23  0.677355  
16  17  19  20  22  23  0.695391  
16  17  19  20  21  24  0.691383  
16  17  19  20  22  24  0.705411  
16  17  19  20  23  24  0.689379  
16  17  18  21  22  23  0.677355  
16  17  18  21  22  24  0.707415  
16  17  18  21  23  24  0.689379  
16  17  19  21  22  23  0.675351  
16  17  19  21  22  24  0.687375  
16  17  19  21  23  24  0.677355  
16  17  20  21  22  23  0.681363  
16  17  20  21  22  24  0.693387  
16  17  20  21  23  24  0.681363  
16  17  18  22  23  24  0.683367  
16  17  19  22  23  24  0.677355  
16  17  20  22  23  24  0.683367  
16  17  21  22  23  24  0.673347  
15  18  19  20  21  22  0.689379  
15  18  19  20  21  23  0.657315  
15  18  19  20  22  23  0.659319  
15  18  19  20  21  24  0.691383  
15  18  19  20  22  24  0.693387  
15  18  19  20  23  24  0.665331  
15  18  19  21  22  23  0.665331  
15  18  19  21  22  24  0.703407  
15  18  19  21  23  24  0.667335  
15  18  20  21  22  23  0.671343  
15  18  20  21  22  24  0.711423  
15  18  20  21  23  24  0.675351  
15  18  19  22  23  24  0.667335  
15  18  20  22  23  24  0.675351  
15  18  21  22  23  24  0.665331  
16  18  19  20  21  22  0.679359  
16  18  19  20  21  23  0.665331  
16  18  19  20  22  23  0.673347  
16  18  19  20  21  24  0.703407  
16  18  19  20  22  24  0.703407  
16  18  19  20  23  24  0.685371  
16  18  19  21  22  23  0.653307  
16  18  19  21  22  24  0.685371  
16  18  19  21  23  24  0.669339  
16  18  20  21  22  23  0.671343  
16  18  20  21  22  24  0.713427  
16  18  20  21  23  24  0.693387  
16  18  19  22  23  24  0.669339  
16  18  20  22  23  24  0.693387  
16  18  21  22  23  24  0.667335  
17  18  19  20  21  22  0.687375  
17  18  19  20  21  23  0.673347  
17  18  19  20  22  23  0.673347  
17  18  19  20  21  24  0.701403  
17  18  19  20  22  24  0.701403  
17  18  19  20  23  24  0.683367  
17  18  19  21  22  23  0.671343  
17  18  19  21  22  24  0.703407  
17  18  19  21  23  24  0.681363  
17  18  20  21  22  23  0.671343  
17  18  20  21  22  24  0.705411  
17  18  20  21  23  24  0.687375  
17  18  19  22  23  24  0.683367  
17  18  20  22  23  24  0.687375  
17  18  21  22  23  24  0.675351  
15  19  20  21  22  23  0.675351  
15  19  20  21  22  24  0.707415  
15  19  20  21  23  24  0.675351  
15  19  20  22  23  24  0.679359  
15  19  21  22  23  24  0.675351  
16  19  20  21  22  23  0.679359  
16  19  20  21  22  24  0.699399  
16  19  20  21  23  24  0.693387  
16  19  20  22  23  24  0.695391  
16  19  21  22  23  24  0.667335  
17  19  20  21  22  23  0.677355  
17  19  20  21  22  24  0.697395  
17  19  20  21  23  24  0.685371  
17  19  20  22  23  24  0.689379  
17  19  21  22  23  24  0.677355  
18  19  20  21  22  23  0.669339  
18  19  20  21  22  24  0.705411  
18  19  20  21  23  24  0.691383  
18  19  20  22  23  24  0.689379  
18  19  21  22  23  24  0.671343  
15  20  21  22  23  24  0.677355  
16  20  21  22  23  24  0.679359  
17  20  21  22  23  24  0.675351  
18  20  21  22  23  24  0.685371  
19  20  21  22  23  24  0.687375  

120
18  19  20  21  22  23  24  0.619238  
17  19  20  21  22  23  24  0.613226  
16  19  20  21  22  23  24  0.623246  
15  19  20  21  22  23  24  0.613226  
17  18  20  21  22  23  24  0.613226  
17  18  19  21  22  23  24  0.607214  
17  18  19  20  22  23  24  0.619238  
17  18  19  20  21  23  24  0.621242  
17  18  19  20  21  22  24  0.637275  
17  18  19  20  21  22  23  0.603206  
16  18  20  21  22  23  24  0.617234  
16  18  19  21  22  23  24  0.597194  
16  18  19  20  22  23  24  0.625251  
16  18  19  20  21  23  24  0.623246  
16  18  19  20  21  22  24  0.637275  
16  18  19  20  21  22  23  0.603206  
15  18  20  21  22  23  24  0.607214  
15  18  19  21  22  23  24  0.597194  
15  18  19  20  22  23  24  0.603206  
15  18  19  20  21  23  24  0.605210  
15  18  19  20  21  22  24  0.637275  
15  18  19  20  21  22  23  0.597194  
16  17  20  21  22  23  24  0.607214  
16  17  19  21  22  23  24  0.603206  
16  17  18  21  22  23  24  0.611222  
16  17  19  20  22  23  24  0.627255  
16  17  19  20  21  23  24  0.619238  
16  17  19  20  21  22  24  0.629259  
16  17  19  20  21  22  23  0.617234  
16  17  18  20  22  23  24  0.627255  
16  17  18  20  21  23  24  0.621242  
16  17  18  20  21  22  24  0.641283  
16  17  18  20  21  22  23  0.611222  
16  17  18  19  22  23  24  0.611222  
16  17  18  19  21  23  24  0.605210  
16  17  18  19  20  23  24  0.615230  
16  17  18  19  21  22  24  0.625251  
16  17  18  19  21  22  23  0.599198  
16  17  18  19  20  22  24  0.637275  
16  17  18  19  20  22  23  0.613226  
16  17  18  19  20  21  24  0.631263  
16  17  18  19  20  21  23  0.603206  
16  17  18  19  20  21  22  0.619238  
15  17  20  21  22  23  24  0.607214  
15  17  19  21  22  23  24  0.611222  
15  17  18  21  22  23  24  0.603206  
15  17  19  20  22  23  24  0.615230  
15  17  19  20  21  23  24  0.607214  
15  17  19  20  21  22  24  0.639279  
15  17  19  20  21  22  23  0.617234  
15  17  18  20  22  23  24  0.609218  
15  17  18  20  21  23  24  0.605210  
15  17  18  20  21  22  24  0.635271  
15  17  18  20  21  22  23  0.605210  
15  17  18  19  22  23  24  0.607214  
15  17  18  19  21  23  24  0.603206  
15  17  18  19  20  23  24  0.597194  
15  17  18  19  21  22  24  0.637275  
15  17  18  19  21  22  23  0.607214  
15  17  18  19  20  22  24  0.627255  
15  17  18  19  20  22  23  0.601202  
15  17  18  19  20  21  24  0.621242  
15  17  18  19  20  21  23  0.597194  
15  17  18  19  20  21  22  0.627255  
15  16  20  21  22  23  24  0.615230  
15  16  19  21  22  23  24  0.605210  
15  16  18  21  22  23  24  0.603206  
15  16  17  21  22  23  24  0.615230  
15  16  19  20  22  23  24  0.617234  
15  16  19  20  21  23  24  0.617234  
15  16  19  20  21  22  24  0.643287  
15  16  19  20  21  22  23  0.613226  
15  16  18  20  22  23  24  0.617234  
15  16  18  20  21  23  24  0.617234  
15  16  18  20  21  22  24  0.653307  
15  16  18  20  21  22  23  0.607214  
15  16  17  20  22  23  24  0.617234  
15  16  17  20  21  23  24  0.617234  
15  16  17  20  21  22  24  0.639279  
15  16  17  20  21  22  23  0.627255  
15  16  18  19  22  23  24  0.595190  
15  16  18  19  21  23  24  0.595190  
15  16  18  19  20  23  24  0.603206  
15  16  18  19  21  22  24  0.629259  
15  16  18  19  21  22  23  0.589178  
15  16  18  19  20  22  24  0.631263  
15  16  18  19  20  22  23  0.591182  
15  16  18  19  20  21  24  0.631263  
15  16  18  19  20  21  23  0.587174  
15  16  18  19  20  21  22  0.619238  
15  16  17  19  22  23  24  0.609218  
15  16  17  19  21  23  24  0.609218  
15  16  17  19  20  23  24  0.615230  
15  16  17  19  21  22  24  0.639279  
15  16  17  19  21  22  23  0.623246  
15  16  17  19  20  22  24  0.639279  
15  16  17  19  20  22  23  0.627255  
15  16  17  19  20  21  24  0.627255  
15  16  17  19  20  21  23  0.611222  
15  16  17  19  20  21  22  0.639279  
15  16  17  18  22  23  24  0.613226  
15  16  17  18  21  23  24  0.619238  
15  16  17  18  20  23  24  0.611222  
15  16  17  18  19  23  24  0.595190  
15  16  17  18  21  22  24  0.649299  
15  16  17  18  21  22  23  0.621242  
15  16  17  18  20  22  24  0.643287  
15  16  17  18  20  22  23  0.621242  
15  16  17  18  19  22  24  0.627255  
15  16  17  18  19  22  23  0.603206  
15  16  17  18  20  21  24  0.637275  
15  16  17  18  20  21  23  0.609218  
15  16  17  18  20  21  22  0.637275  
15  16  17  18  19  21  24  0.619238  
15  16  17  18  19  21  23  0.593186  
15  16  17  18  19  21  22  0.627255  
15  16  17  18  19  20  24  0.613226  
15  16  17  18  19  20  23  0.587174  
15  16  17  18  19  20  22  0.619238  
15  16  17  18  19  20  21  0.609218  

45
15  16  17  18  19  20  21  22  0.561122  
15  16  17  18  19  20  21  23  0.529058  
15  16  17  18  19  20  22  23  0.539078  
15  16  17  18  19  20  21  24  0.559118  
15  16  17  18  19  20  22  24  0.565130  
15  16  17  18  19  20  23  24  0.535070  
15  16  17  18  19  21  22  23  0.539078  
15  16  17  18  19  21  22  24  0.567134  
15  16  17  18  19  21  23  24  0.533066  
15  16  17  18  20  21  22  23  0.549098  
15  16  17  18  20  21  22  24  0.579158  
15  16  17  18  20  21  23  24  0.547094  
15  16  17  18  19  22  23  24  0.539078  
15  16  17  18  20  22  23  24  0.553106  
15  16  17  18  21  22  23  24  0.547094  
15  16  17  19  20  21  22  23  0.559118  
15  16  17  19  20  21  22  24  0.575150  
15  16  17  19  20  21  23  24  0.549098  
15  16  17  19  20  22  23  24  0.557114  
15  16  17  19  21  22  23  24  0.545090  
15  16  18  19  20  21  22  23  0.531062  
15  16  18  19  20  21  22  24  0.575150  
15  16  18  19  20  21  23  24  0.543086  
15  16  18  19  20  22  23  24  0.543086  
15  16  18  19  21  22  23  24  0.529058  
15  16  17  20  21  22  23  24  0.547094  
15  16  18  20  21  22  23  24  0.547094  
15  16  19  20  21  22  23  24  0.555110  
15  17  18  19  20  21  22  23  0.535070  
15  17  18  19  20  21  22  24  0.567134  
15  17  18  19  20  21  23  24  0.537074  
15  17  18  19  20  22  23  24  0.539078  
15  17  18  19  21  22  23  24  0.535070  
15  17  18  20  21  22  23  24  0.537074  
15  17  19  20  21  22  23  24  0.545090  
16  17  18  19  20  21  22  23  0.543086  
16  17  18  19  20  21  22  24  0.569138  
16  17  18  19  20  21  23  24  0.553106  
16  17  18  19  20  22  23  24  0.559118  
16  17  18  19  21  22  23  24  0.537074  
16  17  18  20  21  22  23  24  0.551102  
16  17  19  20  21  22  23  24  0.551102  
15  18  19  20  21  22  23  24  0.539078  
16  18  19  20  21  22  23  24  0.555110  
17  18  19  20  21  22  23  24  0.549098  

1
15  16  17  18  19  20  21  22  24  0.507014  


